3 3
2 17 1 
7 20 17 
15 8 18 
2 -1
-2 1
0 0
4 3
5 15 7 
6 12 8 
15 6 8 
7 3 18 
3 -1
3 -2
0 0
5 5
15 3 17 6 9 
19 16 9 13 6 
4 6 16 5 9 
18 15 9 4 8 
1 5 16 13 7 
3 1
0 0
5 5
19 17 16 10 15 
11 16 12 10 6 
15 2 14 7 4 
4 5 5 6 16 
6 2 15 5 8 
-2 -1
0 3
0 0
3 3
1 20 16 
8 4 10 
10 11 4 
-2 -2
0 0
4 4
11 16 3 4 
11 5 12 7 
7 14 1 9 
1 10 4 15 
-2 1
0 0
4 4
4 3 17 12 
9 20 19 13 
12 3 9 20 
3 7 6 9 
-2 -2
0 0
4 5
7 4 4 12 15 
18 2 1 20 16 
14 8 3 14 3 
8 6 2 17 7 
-1 1
0 0
3 5
19 9 10 2 3 
19 14 17 15 4 
19 5 3 10 2 
-1 3
0 0
5 3
2 15 10 
16 11 12 
16 2 18 
9 14 19 
12 5 7 
1 -2
2 3
3 0
-1 -2
0 0
3 5
6 6 1 14 3 
7 1 6 19 12 
3 2 12 19 7 
0 -1
2 -1
-2 1
0 2
0 0
3 4
5 9 20 8 
12 14 14 2 
18 13 6 2 
1 3
0 3
3 -1
1 -1
0 0
5 4
7 10 15 10 
1 18 10 14 
15 17 18 7 
7 20 7 11 
15 13 14 10 
2 2
0 -2
-1 -1
1 1
0 0
3 4
15 2 14 17 
5 2 3 12 
11 15 3 10 
3 -1
-2 -2
0 0
4 3
2 8 6 
8 11 5 
19 5 19 
7 12 8 
1 -2
-1 0
2 2
0 0
0 0
4 5
16 20 9 5 15 
9 5 4 8 14 
20 19 2 2 13 
7 1 18 10 14 
2 2
0 0
5 3
12 11 14 
17 8 18 
4 2 15 
18 13 2 
17 11 2 
1 0
2 0
2 -2
2 2
0 0
4 4
2 15 14 14 
7 2 11 12 
12 9 18 9 
10 11 9 16 
2 0
0 0
5 4
15 4 4 16 
15 5 9 11 
12 3 18 14 
19 5 20 14 
15 10 18 12 
2 -1
0 0
5 5
17 9 19 12 6 
5 12 14 1 6 
13 17 16 11 14 
20 12 12 12 8 
4 2 18 14 13 
0 2
-1 3
0 0
3 5
8 4 20 11 17 
9 9 11 15 17 
18 18 10 11 16 
3 -2
0 -2
0 3
-2 0
0 0
3 5
4 11 18 15 20 
11 5 20 7 20 
9 7 16 8 3 
0 -2
1 2
-1 3
-2 2
0 0
5 5
13 20 3 11 13 
19 12 9 20 20 
17 12 10 11 2 
4 19 16 10 11 
2 3 1 19 19 
-2 -1
2 -1
0 -2
0 0
3 5
11 10 2 5 18 
7 8 5 1 11 
8 4 3 20 2 
0 1
2 3
1 2
3 0
0 0
4 5
7 19 18 12 11 
6 17 19 18 2 
11 1 6 20 14 
16 16 19 11 1 
1 0
1 2
0 0
4 5
10 20 17 11 4 
2 5 18 13 7 
17 5 12 20 13 
5 19 14 7 4 
-2 2
-2 0
0 0
4 3
1 1 11 
10 17 12 
9 19 7 
15 16 13 
2 -1
1 -2
0 0
4 4
5 4 6 14 
3 19 7 12 
5 11 1 6 
19 19 8 5 
3 -1
0 0
3 4
17 1 2 7 
1 1 20 17 
6 2 17 19 
2 2
2 2
0 1
-2 0
0 0
3 3
12 3 3 
9 17 7 
14 20 4 
-1 0
0 0
3 3
13 14 20 
14 11 15 
5 5 17 
-1 1
0 0
5 4
13 10 19 12 
16 17 18 15 
4 9 16 3 
7 15 13 8 
12 3 2 17 
3 -1
0 0
4 5
1 14 15 4 17 
17 17 15 18 5 
11 3 20 17 2 
17 17 3 9 5 
-2 1
-1 -1
-2 -1
-1 -2
0 0
5 4
19 14 9 5 
18 10 8 19 
11 4 3 3 
9 10 4 14 
14 12 4 15 
3 3
0 0
3 3
20 2 7 
5 4 9 
6 16 20 
2 1
-1 0
-2 3
0 0
4 4
13 11 14 6 
18 8 6 2 
14 17 10 15 
8 19 9 15 
2 1
-2 2
0 0
4 4
6 20 17 10 
6 9 14 5 
9 15 15 6 
16 11 11 7 
1 -1
0 0
5 4
2 12 1 17 
15 4 4 17 
16 12 6 6 
4 3 2 18 
2 9 17 12 
-1 3
0 0
3 5
12 3 19 9 14 
11 17 10 9 3 
8 10 14 14 1 
0 0
3 2
-1 -2
0 0
5 5
9 14 18 6 4 
4 2 7 20 1 
16 8 16 15 18 
8 11 9 8 15 
16 9 8 6 7 
0 1
3 1
0 0
4 3
1 15 8 
3 14 12 
19 2 1 
19 10 8 
-2 0
1 2
-2 -1
0 0
3 3
7 11 13 
9 9 10 
13 5 13 
0 3
1 3
-2 0
0 0
5 4
10 6 13 1 
20 13 2 14 
16 13 13 12 
18 6 9 11 
15 7 13 18 
-1 1
-2 -1
0 0
3 5
6 8 12 6 18 
17 13 5 9 2 
19 13 17 15 14 
1 -1
0 0
3 5
5 3 7 6 5 
5 6 13 6 16 
10 17 8 11 4 
3 3
0 0
4 5
11 10 16 17 12 
12 15 13 15 14 
19 7 9 6 4 
7 11 10 11 14 
-1 -2
0 0
3 4
13 12 18 7 
5 7 1 2 
1 14 7 14 
-1 0
0 0
5 3
11 20 12 
4 10 17 
17 18 18 
7 15 16 
3 10 9 
3 -1
0 -1
-2 2
1 -2
0 0
5 3
11 17 18 
10 13 20 
9 2 15 
7 12 12 
2 19 1 
3 2
0 0
4 4
14 7 3 18 
8 19 11 4 
16 5 6 11 
5 15 9 4 
1 0
0 0
4 3
8 19 18 
15 19 15 
16 11 11 
15 18 5 
2 -1
-1 0
0 0
3 3
4 11 9 
17 8 13 
11 20 6 
0 -1
3 -2
-2 3
0 0
3 4
11 18 12 9 
16 18 2 7 
16 15 13 17 
2 -2
-2 0
3 -2
0 0
4 5
6 2 18 8 4 
9 20 10 13 19 
6 14 5 16 14 
11 13 6 20 5 
3 0
-1 2
1 -2
0 0
5 4
18 13 18 18 
7 2 7 8 
4 8 19 12 
18 16 8 8 
8 19 15 16 
3 2
1 3
-1 0
3 2
0 0
5 4
15 18 9 8 
17 20 14 7 
6 3 4 16 
19 20 11 4 
12 14 12 2 
1 -1
-2 0
0 3
0 0
4 5
7 14 1 10 16 
2 17 10 10 7 
16 15 19 16 12 
18 2 15 13 19 
1 -2
2 3
0 0
4 3
14 11 16 
17 4 16 
12 15 5 
11 6 20 
1 0
1 1
0 0
4 5
15 11 8 14 8 
19 14 6 12 12 
2 18 18 11 6 
16 2 17 10 4 
-2 -1
1 2
0 3
0 0
4 3
16 2 15 
10 4 13 
19 18 4 
3 2 20 
0 0
0 -2
1 2
0 0
5 5
12 7 6 9 6 
17 8 2 11 9 
4 8 15 14 8 
5 14 5 4 1 
5 7 4 13 17 
2 0
1 1
0 0
4 4
18 14 14 1 
18 15 19 12 
1 9 17 16 
7 10 15 19 
2 -1
-2 1
2 3
0 0
4 4
15 17 6 14 
2 17 12 4 
10 17 14 10 
8 15 2 2 
-1 0
0 0
5 5
18 10 8 5 18 
2 9 4 3 12 
19 19 20 8 5 
15 9 7 20 20 
15 15 10 18 7 
0 0
-1 2
2 1
1 3
0 0
5 3
10 8 6 
18 15 7 
13 1 19 
17 6 6 
3 6 12 
2 0
0 0
4 4
16 13 18 15 
19 3 9 20 
14 16 17 18 
5 4 14 17 
-2 -2
3 3
0 -1
-2 2
0 0
5 3
1 4 18 
13 7 8 
8 15 8 
5 15 14 
9 3 17 
1 2
1 0
0 0
3 3
19 6 4 
20 5 15 
16 1 3 
-2 1
1 -1
-1 3
0 0
3 4
2 5 20 17 
19 14 18 7 
13 8 19 9 
-1 -2
-1 3
2 2
1 -1
0 0
3 4
4 17 20 6 
15 12 15 4 
11 3 3 3 
0 -1
3 -2
0 0
5 3
19 18 11 
6 12 11 
16 9 10 
20 19 13 
17 7 18 
-1 1
-1 1
0 0
5 4
16 12 5 14 
18 12 9 3 
5 9 3 4 
4 9 15 16 
4 10 19 16 
0 0
-1 -2
-1 1
0 0
4 4
17 1 7 9 
15 19 7 1 
10 7 15 18 
16 7 8 11 
0 -2
0 0
3 5
7 6 7 13 7 
13 14 16 4 15 
1 7 4 14 15 
-2 1
0 0
3 5
8 15 20 16 7 
17 10 18 19 20 
19 18 16 4 4 
-2 -2
1 0
-2 -1
0 0
4 5
14 16 15 20 7 
16 3 7 15 1 
1 18 4 15 15 
13 14 1 5 14 
3 3
1 1
3 0
0 0
5 4
9 3 18 14 
6 10 1 6 
14 11 7 17 
13 15 3 3 
3 6 11 19 
3 0
2 3
0 0
4 4
10 15 5 20 
7 20 2 13 
5 2 10 3 
18 6 14 14 
0 0
0 0
4 5
18 7 14 17 5 
7 8 14 5 9 
19 7 15 13 13 
17 7 3 6 18 
-1 -2
2 0
0 0
3 5
5 13 20 19 5 
10 8 10 13 16 
19 10 14 9 5 
3 0
2 0
0 0
5 3
10 15 14 
3 6 17 
18 6 8 
17 18 14 
13 17 20 
-1 -2
-2 -2
0 0
4 5
9 12 9 13 16 
3 9 11 15 8 
4 2 8 1 14 
13 19 16 10 7 
-1 -2
-2 -2
1 -2
0 0
5 4
18 6 16 14 
10 17 8 13 
15 12 6 14 
17 13 15 15 
5 3 12 7 
3 -2
2 -1
2 3
2 -1
0 0
4 5
9 15 9 5 12 
11 17 7 10 6 
15 14 11 2 12 
15 2 20 12 13 
2 3
1 3
0 0
4 5
14 15 1 19 9 
19 19 1 10 10 
14 12 4 20 7 
1 15 7 9 19 
1 2
-1 1
0 0
4 4
15 7 9 15 
7 16 11 17 
7 20 10 5 
6 15 20 17 
-1 0
0 3
0 0
5 3
2 3 11 
11 18 9 
19 5 1 
10 12 19 
11 19 7 
2 1
0 -1
0 0
3 4
7 17 14 7 
12 18 13 8 
1 18 14 18 
-1 -2
3 0
0 0
5 5
16 3 2 8 20 
15 16 13 5 8 
2 13 20 12 5 
10 2 19 13 19 
10 13 11 11 3 
-1 3
-1 -2
0 1
0 0
3 4
9 1 4 8 
10 16 18 7 
20 7 3 10 
1 2
-1 0
2 -2
0 0
3 5
11 18 14 13 14 
14 7 3 13 20 
3 3 13 6 2 
1 -2
-1 2
-2 -2
0 0
4 3
16 2 5 
15 15 5 
2 11 2 
6 16 14 
3 1
-1 2
3 0
0 0
4 3
4 7 2 
17 15 20 
13 14 16 
18 20 8 
-2 1
0 -2
-2 0
0 0
3 4
15 19 1 11 
14 8 14 7 
19 16 15 13 
-1 3
0 -2
0 0
5 3
8 11 14 
7 13 7 
20 18 10 
2 9 6 
12 2 10 
-1 -1
-2 -1
1 3
2 3
0 0
4 4
14 16 13 20 
3 20 18 18 
6 14 15 1 
4 5 18 11 
-2 -2
0 0
5 3
14 12 18 
3 4 8 
1 5 1 
16 11 18 
7 14 11 
0 0
-1 2
3 -1
-1 0
0 0
3 4
12 10 10 7 
8 8 12 18 
14 6 1 8 
1 -2
0 1
3 1
0 0
4 4
13 1 14 12 
5 14 3 10 
19 2 17 15 
2 19 13 5 
1 3
2 -2
3 -1
2 3
0 0
5 3
7 13 13 
15 11 2 
4 2 14 
5 16 6 
15 7 14 
2 -2
0 0
0 0 
