31
19
18
22
5
47
2
0
8
32
3
10
15
8
11
26
6
26
0
20
15
24
27
33
13
20
21
42
35
8
29
22
10
2
13
21
0
23
27
28
18
18
16
37
22
21
5
39
12
23
20
8
8
30
5
16
16
42
15
21
9
39
29
5
23
26
21
4
7
35
39
7
19
48
25
5
7
14
5
15
33
26
9
13
14
43
6
1
37
26
9
36
23
3
8
5
0
12
34
22
14
9
24
10
22
25
21
21
8
12
19
22
11
4
20
1
5
10
5
19
8
12
17
16
25
19
15
35
26
5
7
21
21
21
4
23
17
27
28
14
18
0
22
4
20
13
4
5
16
23
20
15
3
8
34
21
0
33
16
37
4
10
17
19
9
26
12
44
10
25
19
14
22
13
13
5
18
15
11
9
33
17
22
18
0
4
41
13
28
18
10
21
27
0
6
32
18
11
3
12
4
8
14
5
18
8
3
11
42
13
22
5
35
8
5
24
14
26
4
15
27
3
44
28
32
47
5
37
16
33
28
2
54
32
21
8
23
27
11
4
6
21
9
19
37
5
6
15
10
7
41
15
21
28
26
33
33
27
26
70
18
8
25
4
27
9
8
23
19
5
19
30
21
24
24
18
31
13
3
32
30
14
20
1
43
39
15
22
7
4
14
0
9
43
8
15
24
11
2
29
32
5
28
0
0
35
35
1
19
43
16
6
5
9
35
27
0
12
25
33
33
4
74
21
35
23
0
3
26
8
0
37
9
61
10
19
28
31
17
10
49
20
8
18
18
62
53
14
11
13
16
8
4
27
34
3
17
17
22
21
9
58
13
25
53
38
0
29
9
21
39
26
18
54
1
58
1
37
48
27
3
14
17
25
17
0
26
18
5
25
13
24
4
12
9
24
24
16
0
6
37
93
24
51
17
10
38
0
10
15
54
15
13
10
21
18
14
54
31
26
31
32
15
10
11
15
25
12
46
0
32
59
13
10
0
23
4
26
50
37
18
37
14
4
42
5
41
11
5
5
36
22
22
5
11
16
51
43
33
27
34
18
0
27
56
24
4
28
34
27
8
24
10
0
64
14
76
5
8
60
47
19
5
10
22
14
7
34
25
15
31
17
0
60
14
33
34
33
0
29
9
5
38
59
13
63
39
47
12
20
34
24
45
29
58
26
15
40
17
7
14
14
17
4
0
21
68
32
27
14
25
30
10
5
9
16
38
25
9
29
54
4
6
24
61
11
9
32
32
24
10
13
18
10
17
32
42
0
5
9
61
22
5
14
8
19
7
28
60
18
24
9
17
26
29
0
34
0
39
10
46
42
5
24
31
25
61
12
23
32
10
0
53
39
56
16
10
10
0
3
4
20
10
15
19
14
7
54
27
10
20
41
53
13
16
14
0
14
23
32
33
15
27
18
12
13
28
26
27
31
8
20
33
12
10
14
30
36
14
5
33
15
10
5
26
60
24
43
36
5
1
22
46
11
30
14
10
3
21
5
17
39
16
18
26
20
